0.042898,-0.015713,9.448905,0.267562
0.093879,-0.016161,9.371090,0.350015
0.143610,-0.026188,9.584331,0.348069
0.192402,-0.304374,9.614410,0.528539
0.243496,-0.093377,9.548417,0.600368
0.292648,0.679828,9.656908,0.668455
0.343302,0.014964,9.582386,0.290607
0.392523,0.762431,8.901062,0.358694
0.443355,0.768716,9.320810,1.777160
0.493022,-0.071978,9.701801,0.560413
0.543191,0.297041,10.274634,-0.487088
0.592873,0.539164,10.197868,0.447283
0.643574,-0.795951,10.166592,-0.706165
0.693121,-1.124716,9.567123,-2.747445
0.743468,0.319039,10.964937,-0.283124
0.792415,0.006884,9.509211,-1.588310
0.843608,-1.019218,8.971843,-1.150605
0.892481,-0.530185,7.862689,-1.232759
0.943363,-1.276454,7.920751,-1.999080
0.993292,-0.973128,7.513423,-2.482876
1.043193,-0.807174,7.997218,-2.839026
1.092819,0.034867,9.900377,-3.546388
1.143425,-0.038907,12.347488,-5.291225
1.192902,-5.849244,5.904462,-5.440868
1.243455,-5.786094,12.460619,-1.916777
1.292993,-0.443093,9.631319,0.511480
1.343408,2.405510,10.773694,-0.853114
1.392759,-1.653854,2.772884,-0.831865
1.443419,0.140964,5.833082,-0.711253
1.492999,0.347621,6.812495,0.237034
1.542826,0.714844,10.642307,-3.047329
1.592894,-0.717688,15.851528,-1.593548
1.643348,1.970349,13.937894,-1.075783
1.694123,0.882893,10.577961,1.483411
1.743361,-3.594723,12.442063,4.443348
1.792868,-1.308478,14.262170,-2.892897
1.843423,0.030378,17.065282,-5.953844
1.892769,-0.947389,12.415726,-5.824403
1.943428,-0.352409,6.217365,-3.639316
1.992847,-1.142524,-2.169972,-3.393603
2.042823,-2.471353,-0.584805,6.138653
2.093680,-6.099895,15.099722,-4.016267
2.143426,2.656462,8.209711,0.687460
2.192627,-4.043053,13.348899,-7.081104
2.243436,7.487983,17.874551,-4.726622
2.292510,3.955213,9.475391,-3.736584
2.343753,-1.482513,3.187694,0.757942
2.392548,-1.277352,0.812561,-0.259780
2.443417,0.104900,16.247932,-3.883384
2.493711,0.140664,25.011023,-1.137436
2.542844,-0.411368,15.336157,-5.789536
2.592606,0.266664,9.094550,0.535871
2.643473,-3.965089,-4.494676,1.436123
2.692572,-1.643528,-0.142460,0.023644
2.743419,-4.077920,23.333376,-0.701376
2.792877,0.618175,2.900978,-3.949676
2.843609,2.635661,20.807104,-1.646970
2.893122,2.557398,15.175591,-5.090853
2.943471,1.297853,6.419233,-0.571636
2.992769,0.761084,0.113729,-1.060071
3.042963,-2.385159,1.708174,1.709970
3.093297,3.886527,24.934555,-2.746547
3.143277,-2.394886,20.948067,-3.350356
3.192378,0.683868,14.632087,-7.769611
3.243397,1.567959,0.871670,-0.826628
3.292856,-3.831009,-3.684808,3.354097
3.343368,-5.188121,3.821731,3.200114
3.392935,-3.883384,9.786349,8.164220
3.442586,1.596092,7.483644,-10.373249
3.492654,9.673070,25.027932,-4.555431
3.542859,0.080059,17.294385,-5.719353
3.592894,1.027000,3.234981,1.286031
3.643308,1.187566,-2.701803,-0.202916
3.692278,-0.039655,8.223927,3.371456
3.743315,-1.929347,24.821725,-2.980588
3.792703,1.082816,18.296843,-8.473682
3.843427,-0.186006,8.655049,-2.097246
3.892610,0.315298,-7.096667,-0.069285
3.943456,-2.376779,-2.599148,8.895525
3.992420,-5.825750,25.476562,-8.355613
4.042972,2.834686,5.157295,7.410768
4.092976,-1.272264,9.211870,-1.607614
4.144168,8.876071,21.620563,-14.703018
4.192323,0.694942,8.062612,-1.058724
4.243323,2.584783,1.526657,-1.788832
4.292602,-2.906066,0.532879,0.453268
4.343359,1.167814,9.826603,-3.573324
4.393013,0.181667,29.444644,-4.385137
4.442716,-2.875090,13.433896,-6.477744
4.492522,-1.230813,0.329514,3.047329
4.542853,-6.426416,-7.967739,5.782054
4.592716,-4.065500,7.013915,0.131686
4.643379,6.927271,8.601626,3.970476
4.692534,-5.826947,12.679397,-8.305333
4.743483,2.600046,9.271278,1.429240
4.792552,-2.895441,12.165074,-6.120845
4.843413,2.080336,7.108489,1.315810
4.892353,0.593783,-1.703236,-0.835906
4.942781,0.953076,3.118110,1.526208
4.992984,6.400977,32.238628,-0.730707
5.042871,-4.173991,21.104444,-6.512910
5.092900,3.406322,6.577107,-1.447047
5.143340,0.005986,-8.628412,6.072810
5.192278,-3.292294,-1.481465,2.779618
5.243311,-2.807002,20.465618,-1.740347
5.292767,-13.198508,12.712468,5.101328
5.344237,3.416947,4.308520,-10.645899
5.392416,-0.005836,31.127080,-10.590231
5.443221,1.298003,8.544762,-3.832954
5.492822,0.136025,6.027169,-0.572983
5.542993,-0.753602,0.175232,-0.051776
5.592621,3.866325,12.403754,1.262089
5.643359,-4.417161,30.532249,-3.371007
5.692483,2.922377,17.743912,-7.346272
5.743939,1.654901,-1.364145,1.468446
5.792729,-4.170998,-11.015666,5.288531
5.842564,-9.388000,8.904803,-5.050449
5.892472,3.295886,14.859395,9.840520
5.943372,-0.440250,6.668838,-3.663110
5.992966,-1.192505,5.709327,0.448929
6.042871,8.331521,17.969424,-4.354759
6.092448,-2.193017,11.199577,0.052824
6.143355,0.207854,-1.415772,-0.059259
6.192353,4.043502,3.627944,3.125892
6.243520,3.854802,37.406696,5.664434
6.292426,0.396853,18.059809,-8.333167
6.343356,5.490699,8.612101,-3.343173
6.392602,-2.494398,-8.503460,2.314827
6.443039,0.486340,-3.115417,9.323354
6.492660,-3.391059,21.943492,-6.326305
6.542910,2.751036,13.994309,1.514087
6.593032,1.841356,4.665867,-7.830366
6.643388,10.047027,32.687706,-18.800691
6.692315,-0.918658,1.787784,0.861943
6.743325,1.112595,3.382978,-0.987494
6.792998,-3.370408,0.556971,1.494185
6.843360,8.545211,21.986440,2.454743
6.893867,-6.383469,26.996186,-6.525181
6.943420,3.225105,9.449802,-7.648850
6.992833,-0.146650,-2.255269,-0.096220
7.042594,-6.971715,-7.799390,5.435930
7.092877,-1.290970,8.347832,-5.518832
7.143359,0.577023,27.628877,8.106757
7.192299,2.844114,6.192375,-7.356597
7.243305,-1.227072,24.604742,-3.699623
7.292683,-1.981273,3.752147,0.253645
7.343362,1.847342,3.006925,1.132498
7.392637,-2.761511,0.984651,-1.459917
7.442466,5.792529,17.487724,5.241543
7.492867,-7.125698,27.906315,-4.069839
7.542838,1.618089,11.487939,-7.627451
7.592417,4.494227,-3.456004,-1.901064
7.643359,-4.494975,-8.395867,6.731538
7.692346,-7.782780,7.317091,-6.853348
7.743422,-5.616549,19.270869,12.517034
7.793021,-1.571101,3.717131,-5.586022
7.843269,-3.113770,12.342999,2.525823
7.892523,2.574607,6.955703,-2.902624
7.943351,2.155906,9.436335,2.905467
7.992647,-4.083606,-1.877271,0.309162
8.042826,2.853092,8.451684,2.377078
8.092796,-0.214139,35.248246,-0.025290
8.143606,0.820792,15.997579,-5.764396
8.192450,-2.003719,6.320170,-0.504147
8.242469,-0.660374,-7.080655,2.451151
8.292787,-3.659219,-2.044422,5.618793
8.343355,3.181110,13.345607,-4.276646
8.392580,-0.988691,19.982870,-3.042690
8.443319,1.971695,3.880242,-5.281797
8.492937,14.379490,27.646983,-14.482145
8.542972,-4.028388,7.447729,-0.155479
8.592985,3.466329,-1.582923,-2.020928
8.643355,-1.249668,0.496515,0.777395
8.692624,0.200222,16.343853,-3.953716
8.742608,-1.548804,26.109402,-5.652613
8.792747,0.676386,16.534648,-5.376521
8.843332,0.713498,-1.691863,0.381739
8.892668,-4.048590,-8.198488,7.010024
8.943363,-7.948884,5.885906,-4.728119
8.993217,2.042776,23.401014,7.224761
9.042849,-3.894158,3.855251,-0.988392
9.092618,-1.441062,13.049763,3.358137
9.143360,7.265315,14.266959,-4.249860
9.192903,-0.306768,9.061329,0.247958
9.242363,-3.499251,-1.377912,-0.098615
9.293001,4.381396,3.941745,3.751698
9.343466,2.820021,27.568870,3.349608
9.392475,-2.581191,20.564682,-5.950701
9.442710,-0.410920,10.408565,-7.224761
9.492854,1.755461,-5.673114,3.350506
9.542946,-4.927742,-1.538928,0.380991
9.593210,5.202487,18.887484,-3.937705
9.642908,1.266877,3.933814,-5.020820
9.692543,2.240903,4.572340,-0.686562
9.743442,15.640681,30.738158,-18.251950
9.792648,-5.152057,4.861151,1.114840
9.843592,1.902411,3.800632,-1.228419
9.892907,-2.063576,2.477638,0.197828
9.943380,4.436315,16.387549,-0.070033
9.992745,-6.274529,26.523614,-3.681067
10.042865,1.522318,16.389943,-9.351936
10.092598,1.175894,-2.544678,0.132883
10.143532,-3.684060,-7.067038,6.824018
10.192580,-4.068193,4.762686,-4.360296
10.243417,-17.928123,41.837025,4.052481
10.292459,6.339474,7.353155,-6.306103
10.342777,5.192161,33.046699,-11.700133
10.392478,-4.811021,4.973533,-4.913526
10.443354,4.401298,5.168218,1.140130
10.492693,-1.969002,-0.599170,0.188101
10.542993,2.091559,13.333785,3.716383
10.592314,-8.609707,29.194591,-2.192269
10.642863,4.813116,16.395629,-5.486359
10.692283,0.846081,0.182714,-0.219825
10.743435,0.213989,-8.899116,4.854417
10.792949,-6.760868,3.448971,-2.184787
10.844096,6.704303,4.785133,10.524388
10.893054,6.111867,10.917351,2.217858
10.943354,-2.702252,9.801912,-3.583649
10.992618,2.436486,13.953008,-2.671875
11.042921,-1.761297,8.899266,0.697037
11.093003,-0.279234,-1.839561,0.471375
11.143320,2.875240,8.875174,3.627644
11.192385,-4.237439,40.006892,-2.572961
11.243356,4.640428,18.128495,-4.602418
11.292810,-2.034546,2.735623,0.862243
11.343436,-2.104878,-9.742803,2.295373
11.392596,-0.800290,0.414511,1.413228
11.443422,0.499957,23.763599,4.629205
11.492682,-1.281841,4.789472,-0.278486
11.542825,-0.200372,5.339859,-3.575868
11.592848,6.532214,16.720504,-4.333959
11.643399,-0.324725,7.585401,1.557633
11.692370,-0.713946,0.002245,-2.928512
11.743366,4.348175,4.578326,4.313308
11.792641,1.587861,20.271831,-0.534974
11.842449,-2.786950,23.132854,-5.051048
11.892773,-0.767519,11.269161,-3.824874
11.943314,-1.318504,-8.547605,1.531596
11.992648,-2.596155,0.403138,0.122408
12.042588,0.580315,11.006837,3.295287
12.092529,7.572382,7.872865,2.404164
12.142819,2.443071,2.449206,-0.116123
12.192540,13.618406,24.142046,-16.198849
12.243485,3.107485,9.057888,-0.760635
12.292709,-1.904955,-0.972081,-1.427594
12.343369,1.739899,4.000704,3.782824
12.392637,-0.443991,32.801734,4.871028
12.443332,-2.396831,21.002388,-3.948180
12.492661,2.518940,9.188227,-5.287334
12.542771,0.477511,-6.509618,1.432382
12.592910,-2.721856,-1.965111,3.417396
12.643422,-0.567446,16.582085,0.353906
12.692306,6.520991,2.175060,-1.550600
12.743340,2.659604,1.968104,-0.658728
12.792326,13.263752,22.761291,-14.558313
12.843421,-0.050729,7.028280,0.693296
12.893275,-4.518469,0.421843,-0.211445
12.943413,2.457137,8.028793,3.494462
12.992303,-0.724422,36.126202,-1.942216
13.042870,-4.202124,22.151496,-3.396596
13.092656,-0.589593,7.116121,-4.243724
13.143362,1.255205,-7.988240,1.108555
13.192523,-2.398776,-2.085574,1.799157
13.244342,-9.441871,30.403257,9.118493
13.292675,5.407647,1.865898,1.861409
13.343361,-2.104429,18.039308,1.160182
13.392539,-1.481316,11.688461,-2.024519
13.443360,5.288980,7.916112,0.788469
13.492811,-4.175338,-0.424387,-1.101821
13.542952,2.040082,3.439992,3.392256
13.593513,3.856149,27.115751,4.833766
13.643282,-1.731818,23.302998,-5.688377
13.692387,-0.486340,7.349264,-1.730022
13.743373,1.790029,-9.063125,2.227435
13.792759,-6.026720,-0.623113,4.399952
13.843337,-6.932509,32.783926,2.435589
13.892363,-0.012720,-1.804245,-0.325623
13.943356,-2.955747,22.902404,-2.320064
13.992635,-1.745585,9.958738,-1.738252
14.042920,0.204712,10.440139,1.951943
14.093020,-3.302620,0.067938,-1.086857
14.142644,3.649941,4.346080,4.747422
14.192464,-0.768566,30.745041,4.341740
14.243469,-5.412436,20.583537,-5.725938
14.293218,2.184488,9.483622,-4.572041
14.343348,2.176407,-7.255588,2.114305
14.393139,-2.074351,-0.329663,2.714224
14.443417,-5.291524,23.494691,2.463721
14.492437,1.255804,2.261554,0.341336
14.542877,-0.245863,2.285347,2.528667
14.592660,6.891656,18.383187,-7.761980
14.642765,0.727115,9.149768,-1.462909
14.693013,-1.562422,-0.030378,-0.834708
14.743643,2.669181,4.562165,3.353947
14.793109,0.692099,28.323669,2.453546
14.843356,-2.261703,21.880642,-6.659560
14.892745,2.264247,8.312516,-4.916519
14.943662,2.087070,-5.953694,1.286630
14.992750,-4.741137,-0.656783,-0.617277
15.042917,4.148551,13.384364,2.777523
15.092553,2.917140,8.097329,-8.565862
15.143788,1.619286,3.546239,-0.715892
15.192291,11.600172,25.210198,-21.903837
15.243347,3.391807,-0.434264,-0.099662
15.292775,-0.396853,4.384089,-0.412266
15.343358,-4.992687,2.244943,0.621916
15.392627,6.132069,24.697371,2.985526
15.443344,-9.009104,24.154317,-4.316750
15.492790,0.316944,10.507778,-6.031808
15.542924,3.080400,-5.143228,-0.444589
15.592696,-7.983900,-2.076296,7.133928
15.643465,-1.917375,14.086489,-3.728504
15.692267,-1.404998,20.793187,5.146221
15.743356,6.972613,5.334023,-3.022788
15.792845,1.948800,27.743054,-10.826218
15.843412,0.830818,5.363054,0.758690
15.892911,0.174933,2.082581,-2.053550
15.943476,-2.080935,1.145068,0.043845
15.992768,7.886034,25.003840,0.165954
16.042865,-15.254901,25.917261,-3.059450
16.092591,4.302085,9.436484,-5.358564
16.143448,1.020415,-3.311000,4.612145
16.192680,-3.737931,-4.862947,4.818054
16.243413,-6.693230,5.760655,-4.401149
16.292782,-7.629396,32.896009,4.336952
16.343886,3.773546,3.682563,-4.125656
16.392526,3.660865,36.154933,-17.614621
16.443445,0.476613,6.546580,-0.890376
16.493382,0.947240,7.577620,1.095835
16.542858,-2.591965,-0.726217,0.709906
16.592272,3.496856,17.383123,1.384646
16.642584,-7.839644,24.799577,-3.662810
16.692249,3.757983,16.921175,-5.858372
16.743421,1.386592,-0.117320,2.105476
16.793010,-4.279639,-8.230512,6.533710
16.843443,-6.304008,1.179336,-4.729166
16.892469,-1.147312,22.249512,3.480545
16.943366,-0.790115,-0.505793,-2.714822
16.992762,-7.705714,16.794727,0.154581
17.042926,-2.069861,8.888641,-5.726237
17.093380,2.912800,8.847939,2.194065
17.143326,-4.524454,-0.777844,-1.133246
17.192712,4.014621,7.813606,2.770190
17.243436,-3.213283,31.441180,0.552182
17.292779,-2.407156,19.989454,-6.335134
17.343310,0.296443,5.485162,-2.827503
17.392566,0.832763,-8.286179,1.610308
17.443433,-2.512804,-1.914682,2.330240
17.492608,-0.464791,9.213217,-1.449442
17.542806,-13.237265,41.751430,10.368760
17.592589,1.031190,1.913784,-4.351168
17.643497,0.673842,34.015488,-6.130123
17.692618,-0.835756,6.852899,-6.509169
17.743428,1.303989,7.117617,0.525696
17.792359,-1.805891,-2.024819,0.177925
17.843150,3.491170,19.768133,0.152785
17.892566,-8.186517,25.756993,-5.130209
17.943431,4.237739,15.586360,-5.033241
17.993006,0.780538,4.345182,-0.069734
18.043134,-2.132562,-10.031465,1.725383
18.092532,-3.928127,3.820684,-5.651715
18.143384,9.089462,38.796580,5.462267
18.192455,6.020435,-5.143378,0.332357
18.243407,-0.819445,30.711671,-9.787397
18.292904,-2.592115,10.758729,-4.041706
18.343599,1.524562,9.499933,1.782547
18.392779,-4.187459,-1.567211,-0.650498
18.443357,3.559706,7.051325,4.036020
18.493061,3.519901,28.598114,2.956645
18.542959,-0.242422,17.226746,-6.234275
18.592345,-0.830518,8.664027,-2.952904
18.643390,1.032536,-7.704666,0.011672
18.692520,-1.995489,-0.842340,5.197399
18.743305,0.800440,9.108766,3.010966
18.792696,2.925669,9.904268,-0.156078
18.843321,1.645623,4.712855,-0.350613
18.892895,6.667491,19.243185,-14.172085
18.943442,-3.861087,6.148529,0.159220
18.992302,2.416734,0.911026,-1.619436
19.042908,0.597973,-1.368335,1.037325
19.092606,1.571999,16.794727,-3.142053
19.143804,-2.260506,27.879977,-4.351467
19.192838,-1.643977,16.675312,-8.125462
19.243879,-0.763329,2.999144,-2.100688
19.292716,-0.124653,-6.157209,1.949548
19.343361,-4.311064,-0.612489,2.767946
19.392388,0.127197,18.694594,-2.286993
19.443359,-1.589208,0.753602,-3.329855
19.493010,-5.273866,18.543604,2.264996
19.542666,6.657465,17.565538,-9.196457
19.592627,1.713412,6.824766,-2.048762
19.643361,2.205587,1.362798,0.270405
19.692359,-1.475180,1.273761,2.892449
19.743372,0.221172,17.504035,3.830261
19.794366,-9.029904,23.691022,-4.173242
19.843416,4.843194,13.192971,-3.951771
19.892450,2.624887,-0.223567,1.260293
19.942790,-2.841720,-6.047820,4.026592
19.992763,-6.257918,0.133182,-1.598336
20.043124,-4.637285,34.424013,-5.027255
20.092986,6.844519,3.256380,1.327483
20.143451,-0.753602,30.985069,-13.930561
20.192802,-3.221214,7.841141,-1.430736
20.243364,0.320685,11.213345,1.450788
20.293026,-2.492004,1.139232,1.183077
20.343559,2.387254,5.577193,2.675017
20.393726,0.096520,26.853576,-1.465753
20.443080,0.576125,18.368073,-6.812495
20.492643,-1.426845,6.091815,-3.089528
20.542692,0.118368,-6.752039,0.732502
20.592993,-1.080272,-0.382637,2.684295
20.643290,-1.491342,8.664776,9.537344
20.692449,5.293470,7.343279,3.516310
20.743428,-1.353072,6.498245,0.724571
20.792741,8.315060,16.848449,-4.900507
20.843430,-2.837380,6.375837,1.417717
20.892687,-0.067788,-3.119158,-0.975373
20.943385,0.302279,4.315852,2.952755
20.992889,3.061246,24.280017,2.507268
21.042697,-1.571550,18.734549,-4.711658
21.092850,1.633203,14.731750,-4.903650
21.143277,-0.186605,-1.320300,1.246376
21.192366,-4.428384,-5.404505,3.747359
21.243447,-8.353818,7.199472,-5.283593
21.293286,9.586127,4.375859,0.538415
21.342668,-0.504446,5.368141,-3.926182
21.392494,5.722346,21.465832,-14.866877
21.443109,1.918123,3.408268,1.575142
21.492650,-2.141540,3.354396,-2.916990
21.542835,-1.024755,4.197485,2.682350
21.592874,5.145772,19.535288,5.765144
21.643236,-1.882359,19.234356,-3.951172
21.692312,3.454507,14.538860,-3.882935
21.742470,0.325174,-0.774851,0.437107
21.792807,-5.989309,-2.549467,5.651266
21.843314,0.597375,5.993350,-2.277566
21.893386,-11.328869,47.116129,0.971632
21.943312,8.642628,7.241970,-3.278078
21.992546,0.042948,23.856677,-9.456686
22.042890,3.088181,7.295842,-1.443905
22.092842,2.038586,4.488690,0.012271
22.143419,-6.091665,5.158492,0.246013
22.192436,3.243511,16.485266,2.359420
22.244386,-7.604705,23.245386,-2.684445
22.292462,3.590383,15.627512,-6.924578
22.343729,1.711017,2.455790,-2.109367
22.392548,0.925542,-10.586041,0.749562
22.443433,-1.728675,0.994976,-1.126063
22.495448,-10.802575,34.288586,6.150475
22.542987,0.990936,1.813373,2.189426
22.592723,-3.219867,23.056985,-2.369895
22.643173,-2.056992,12.464809,-7.214286
22.692493,0.052375,7.368419,-0.086793
22.743421,-1.410085,1.081769,-1.238744
22.793209,2.045320,1.622878,2.729787
22.843426,2.168476,23.122978,3.208494
22.895238,-4.262280,21.929575,-5.649919
22.943363,2.224592,11.417308,-5.237503
22.992721,2.076894,-0.806725,-2.988220
23.042862,-3.279724,-7.002841,1.988007
23.092713,-5.803004,4.535977,-3.234532
23.143306,-12.350332,38.296473,2.938389
23.192315,-8.704431,3.234083,-9.949909
23.243432,-5.793127,27.088965,-1.456624
23.292805,4.052930,10.713387,-5.376073
23.343450,-1.615994,7.445934,0.573282
23.392610,0.841592,-2.819273,-1.309226
23.443574,-1.635448,3.124994,2.263350
23.494511,1.084462,25.658079,1.913634
23.542545,-7.560560,23.247181,-3.852258
23.592631,2.619500,14.576271,-5.048654
23.643370,0.646308,-1.576788,-1.983817
23.692356,-1.319402,-8.608510,0.193189
23.743371,-2.313630,5.485013,1.113044
23.792690,-1.514836,9.163685,4.541215
23.842868,5.948307,12.988409,4.733955
23.893200,-1.280345,5.567765,1.926204
23.943436,8.616740,15.170353,-10.380282
23.992318,-4.897215,10.976161,-3.269100
24.042799,5.331928,2.866111,0.821390
24.092593,1.121724,-0.911326,1.453033
24.143414,3.735088,21.217275,4.024497
24.192592,-10.557609,24.081142,-4.323035
24.243385,7.292999,18.132236,-2.598699
24.292849,-1.226025,3.401534,0.016161
24.343473,-3.172730,-8.144317,1.244730
24.393139,0.525995,0.517166,0.696139
24.443388,-5.310379,16.088562,9.213217
24.492705,1.569605,7.390117,-1.792573
24.542667,2.454144,15.918119,-1.372675
24.593005,3.642309,13.103036,-7.451171
24.643381,-3.182606,6.030910,1.536085
24.692387,3.236627,0.121959,-2.369297
24.743396,0.819445,-0.054470,-0.091133
24.792833,4.654045,19.610708,-0.280431
24.843510,-8.205970,25.288311,-2.691927
24.892480,3.987236,17.676573,-5.371583
24.943421,-0.946192,3.713090,-0.083650
24.992531,-1.998781,-6.807856,2.995852
25.042806,-0.641220,2.920132,-2.396382
25.092687,-10.757831,21.408967,4.723330
25.143514,2.177604,5.186176,0.394309
25.193071,-1.609260,22.642923,-3.045533
25.243293,5.057932,13.399478,-4.958419
25.292588,-2.172816,4.083756,1.159284
25.343296,0.200970,1.702787,-1.589358
25.392562,0.419449,0.825879,3.963593
25.443275,1.136837,20.279014,3.048825
25.492645,-7.429922,27.693971,-3.924386
25.542785,4.545853,13.915298,-2.889755
25.592705,0.030677,0.297041,-0.624610
25.643364,-4.693401,-9.001023,3.172131
25.692297,-0.065394,6.246546,-5.361707
25.743638,-14.525990,35.792049,3.272542
25.793218,2.635661,5.411538,-1.542819
25.843530,1.134593,23.815076,-3.038799
25.892360,-4.996279,5.278805,-2.526572
25.943372,-0.031425,6.392597,2.458484
25.992647,-3.365021,-0.838599,-1.412330
26.042825,4.065350,5.704838,2.947068
26.093237,-0.205759,29.224819,1.955235
26.143313,-2.355829,18.576376,-6.960043
26.192444,0.987195,11.072680,-4.413270
26.243239,-0.173137,-6.388407,-0.695391
26.292960,-5.162532,-0.174334,6.045874
26.343417,4.707917,13.067720,-6.091815
26.392733,-6.677966,26.938274,-1.878618
26.443414,4.001303,4.877612,-4.417609
26.492689,7.259030,34.318814,-11.620972
26.543195,-2.059835,5.319657,-3.881738
26.592648,-0.578071,5.524818,1.312219
26.643416,-3.448821,0.578220,0.331758
26.692953,2.745200,14.196626,0.639424
26.743334,-7.432017,23.737112,-4.371669
26.795374,2.537047,18.682473,-5.751227
26.843356,-1.998930,6.501387,-1.801551
26.892894,0.351811,-6.643997,4.307622
26.943443,-5.357517,-0.668455,-2.680404
26.993476,-2.534652,15.717897,12.208620
27.042847,3.271793,4.072383,2.173414
27.092760,4.334857,8.084161,1.880413
27.143435,0.805977,18.434365,-3.053464
27.192520,-3.360382,4.408481,0.355701
27.243375,-1.209863,-2.149172,-1.577985
27.292571,3.153276,6.236669,3.823527
27.343436,-3.111227,28.933913,2.755226
27.395939,-1.657296,18.812662,-4.962310
27.443324,1.475779,12.136043,-4.302235
27.492559,2.435439,-5.193807,-0.736842
27.542876,-4.420902,-3.094167,4.094830
27.593135,-3.342874,13.695023,-3.715485
27.643407,2.787848,4.852771,-3.616271
27.692452,3.729252,8.556733,-5.393730
27.743929,0.660674,20.488214,-19.433531
27.792802,5.274315,3.851061,-1.121125
27.843403,1.079524,3.755589,0.116123
27.892646,-2.953952,0.621916,-0.355103
27.942446,6.842424,21.374849,-2.846957
27.994188,-4.039162,25.020151,-6.100793
28.042816,0.971482,16.310183,-6.226493
28.092641,-0.234939,1.317756,0.065993
28.143342,-2.258860,-7.817647,-0.701376
28.192412,-0.411219,1.358459,-0.212942
28.243418,-4.216190,17.568830,7.260077
28.292593,-0.302428,11.321985,-3.870066
28.343449,-2.114604,21.299279,-6.328400
28.393026,-0.961456,9.245689,-4.838854
28.443376,2.184039,5.310828,0.597824
28.492779,-4.064751,1.092842,-2.194963
28.542877,-0.095771,6.223052,5.100729
28.595018,3.783872,24.880983,6.700712
28.643282,-7.644660,21.936459,-2.236563
28.692316,3.115117,12.351230,-5.822757
28.743375,3.233485,-5.444908,-1.740048
28.792914,-4.580571,-5.887702,9.842166
28.843358,-2.017636,9.296867,-8.658491
28.892739,-12.118984,27.681701,1.120227
28.943604,1.231861,6.487620,-8.168111
28.993565,-1.365791,31.960292,-9.547968
29.042806,-5.849543,3.516759,-2.235366
29.092780,2.711979,9.379021,-0.387276
29.143441,-2.551412,-1.176942,1.320898
29.192302,1.521569,18.408327,3.990678
29.243390,-11.485246,27.045868,-5.658149
29.292653,7.480651,15.906896,-4.539868
29.343541,0.281927,-0.032921,-0.854910
29.393056,-1.965111,-11.276793,2.702252
29.443461,-4.128499,0.596327,-4.220829
29.492671,-7.988090,32.239675,1.715058
29.542717,0.184959,2.483175,-0.071230
29.592845,-8.675101,20.366555,2.115802
29.643366,-4.228311,9.043522,-3.583949
29.692558,3.584398,9.306744,-1.477574
29.743476,-0.341485,-1.717003,-2.042028
29.792945,4.696843,11.448434,3.158364
29.843330,-11.577725,25.971431,-1.082816
29.892540,1.463358,20.002174,-4.881054
29.943587,0.968190,12.371731,-5.601135
29.993415,-0.215187,-5.648722,-1.747680
30.042786,0.203963,-5.327139,7.454912
30.092419,1.520522,7.497710,-2.774380
30.143330,-6.957798,31.238414,2.670827
30.192382,3.134870,1.063961,-3.467975
30.243369,0.441746,29.384188,-8.067401
30.293340,-2.760763,7.335348,-4.180575
30.343192,1.983966,6.589078,-0.293450
30.392500,-3.311748,-1.251913,0.635085
30.443374,1.551797,18.107545,3.762922
30.492664,-9.918933,21.206949,-2.599448
30.542959,1.491641,17.537555,-4.507994
30.592808,-1.077429,8.775811,-4.390973
30.643354,1.175894,-7.580014,-1.299200
30.692263,0.718735,-2.034695,4.066248
30.742538,-2.625336,14.924041,-0.317692
30.792603,3.188592,0.471226,-0.464791
30.843367,1.817563,9.265592,-6.187137
30.894550,1.751271,26.530946,-9.437532
30.943343,-2.269485,8.639037,-3.955213
30.992700,-1.811278,6.096454,1.339903
31.042800,-0.611591,-1.112595,-1.618239
31.092896,1.980225,4.368826,3.258924
31.143362,-0.284022,26.501167,0.646009
31.192392,-1.625571,20.782263,-4.941958
31.243356,-0.769165,10.023833,-2.841720
31.292821,-1.190709,-5.893388,-0.294198
31.343370,-1.791076,-6.222004,8.546857
31.392646,0.240027,8.937126,-6.930414
31.444628,-20.685294,32.415655,-2.078840
31.493031,2.677711,3.975265,-7.510579
31.542903,-3.433408,35.343868,-11.113832
31.592436,-2.121039,5.231966,-3.645003
31.643366,0.281927,6.833445,1.084313
31.692329,-0.194087,-0.831416,-0.236585
31.743436,1.850485,12.206674,2.519688
31.792771,-11.602267,32.780185,-1.007995
31.843429,3.374748,16.845157,-5.172109
31.892590,-2.237461,6.270039,-3.731646
31.942589,0.814656,-7.688056,1.000064
31.992714,-5.933343,-0.823335,0.524648
32.042780,-6.184893,16.956940,16.464914
32.093687,-2.732181,-3.267454,-7.450872
32.143285,-1.363098,16.595104,-4.359997
32.192462,6.368804,16.193761,-7.553826
32.243447,2.738017,5.293320,1.727329
32.292599,-0.976869,-1.254457,-1.204925
32.343436,2.065222,2.872845,3.493864
32.392897,3.260271,23.553949,3.759480
32.443582,-4.305527,22.919763,-5.611760
32.492371,1.941168,15.125909,-6.394542
32.542782,0.574629,-1.828338,0.312305
32.592721,-3.091923,-3.199965,3.345867
32.643401,-4.541215,6.402473,-1.365642
32.692669,10.324465,8.904653,0.341784
32.743439,5.590660,2.984329,0.367373
32.792367,4.626960,25.919655,-17.020239
32.843369,3.231091,8.979175,-0.299884
32.892522,0.440998,7.178522,0.129591
32.943440,-0.241524,1.257899,0.108341
32.992925,3.562999,19.642432,1.570203
33.042988,-6.210332,23.634607,-3.526635
33.092362,4.030034,16.491551,-5.060924
33.142517,-1.126362,-0.236885,-0.466287
33.192214,-1.314164,-5.334023,0.322181
33.243387,-2.472999,-1.346637,2.402069
33.292774,-17.561647,34.933398,5.337165
33.343413,0.729809,6.124437,-1.326285
33.392356,-2.541985,18.842292,-3.904184
33.443371,1.319851,15.802894,-3.866325
33.492609,-1.927551,4.837657,1.474432
33.542851,0.166104,-1.142973,-2.231326
33.593217,1.221236,1.561075,1.756210
33.643353,1.097781,27.237111,2.847556
33.692198,-5.503119,21.762125,-6.261659
33.743350,1.097182,11.768819,-4.412671
33.792826,2.066868,-1.588610,0.981658
33.844229,-8.521268,-4.566953,4.761788
33.892347,-6.341270,10.206547,-0.681474
33.943287,6.709092,-0.729659,-3.279724
33.992579,5.345396,8.169308,1.782547
34.042776,1.652507,21.116116,-13.724653
34.092623,-3.342874,6.765956,0.626555
34.143357,-1.107358,7.153382,-1.101073
34.192730,2.357026,3.037752,1.569006
34.243547,3.887724,14.616674,3.535764
34.292779,-4.927892,22.957473,-4.623817
34.342611,5.454036,12.789234,-4.694449
34.392516,0.280581,-0.394010,-2.738466
34.443437,-3.978707,-9.668580,6.445720
34.492926,-2.461327,0.836953,-2.270233
34.542674,-16.993902,32.817147,5.835327
34.592329,3.793449,2.432596,-0.221920
34.642948,-7.150987,25.500954,-8.713709
34.692323,2.268288,12.860315,-5.201140
34.743430,-1.740946,8.896872,0.964150
34.793224,-2.214865,0.207106,-1.878318
34.843492,1.206122,2.635512,1.925007
34.893049,6.969620,24.781022,5.377270
34.943353,-6.872652,22.019511,-4.458013
34.992556,1.898670,10.255330,-5.974495
35.042677,5.011542,-5.836075,-1.390782
35.092873,-5.253066,-1.062315,4.667064
35.143600,-3.879942,5.181986,-2.440527
35.192434,-11.877909,42.128680,-3.826669
35.243344,8.197291,4.244024,-2.639851
35.293065,-4.086450,28.909521,-9.483921
35.343361,0.053123,7.075567,-4.579074
35.392524,0.510432,8.640833,1.823399
35.443428,-6.117404,0.780089,-0.751357
35.492312,2.970712,15.390478,3.867971
35.542767,-11.887636,24.177811,-3.185898
35.592724,1.697400,16.014339,-5.044763
35.643319,0.174484,3.647846,-1.332122
35.692411,0.072876,-6.700712,1.118431
35.743398,-2.576403,-2.472251,4.946597
35.792800,-1.372076,6.954057,1.804844
35.843375,21.013312,16.631766,-3.098357
35.892549,8.613448,7.385628,0.358844
35.943429,3.542946,20.508416,-12.035932
35.992852,-5.020970,4.921757,0.840844
36.042801,2.240604,-1.101821,-0.336846
36.093345,-0.048784,2.918786,2.963978
36.143360,2.939885,21.388466,6.588480
36.192215,-8.027297,20.809498,-0.817799
36.243375,11.307171,17.421582,-4.771066
36.293025,-1.748578,4.380947,-5.363652
36.343411,1.441211,-8.254155,6.684102
36.392325,-10.104041,-0.189298,-3.986189
36.443450,-9.565327,22.356357,8.662681
36.494102,2.432895,4.328123,-8.068299
36.542773,1.324939,13.504528,-2.573410
36.592782,3.163751,18.976671,-6.969022
36.643310,1.327932,3.212385,2.756872
36.692299,-2.700457,-0.596327,-1.780302
36.742986,-0.206657,11.080013,3.281670
36.792795,-5.202038,22.012627,1.679443
36.843330,-2.060583,18.135528,-4.508293
36.892505,0.707213,13.202249,-4.535528
36.943409,2.198853,-3.154623,-2.504873
36.993300,-2.950660,-7.894414,5.066611
37.042717,1.203129,11.037215,-6.844668
37.092669,-15.538774,26.352123,7.903542
37.143434,0.569691,7.322628,-7.972078
37.192754,-3.655029,25.673193,-6.970668
37.243353,0.328915,12.125119,-7.494268
37.292806,1.485506,6.989672,0.481252
37.343325,-2.583436,-2.729038,-0.622515
37.392550,0.573881,8.020263,3.503890
37.444899,-0.603360,22.342739,0.674590
37.492861,-3.983645,22.124111,-5.134848
37.542856,-0.303177,13.908564,-5.533198
37.592628,1.671512,-1.137436,-1.620184
37.643533,-4.547500,-8.125612,4.203770
37.692617,-4.719140,5.736113,-7.518810
37.743363,8.829981,15.194446,3.109132
37.792894,2.821667,6.740367,-1.871285
37.843659,-0.121360,26.551747,-10.042239
37.892503,-4.055025,7.906535,-2.868506
37.942690,0.770212,6.786906,-0.903843
37.992602,-1.740198,-0.897259,-2.086771
38.042720,4.480160,14.426328,3.006925
38.093173,-7.745519,24.386563,-2.662597
38.143541,0.731006,19.027400,-5.172259
38.192296,-0.784728,13.170076,-4.606160
38.243310,1.434028,-5.813030,-2.218457
38.292825,-3.206998,-2.450254,4.830774
38.343325,-4.630402,9.044120,-2.590469
38.392590,-0.362435,14.641216,2.066419
38.443614,2.305399,6.598955,-3.380135
38.493132,1.406943,27.492253,-11.112336
38.542766,1.354418,11.884643,-5.524369
38.592712,-0.998567,5.408246,2.992260
38.643372,-2.845910,-1.220039,-1.380157
38.693217,-0.109838,3.472764,3.581105
38.743871,2.808648,22.057969,-0.249904
38.794013,-5.917780,23.278158,-5.539034
38.843308,-1.605818,10.591129,-4.389626
38.892278,3.620162,-5.890994,0.497114
38.943118,-2.705993,-4.229957,3.713988
38.992509,-0.692099,6.320020,-2.117747
39.042844,-21.187496,46.292644,-3.619713
39.092591,2.495895,5.674760,-1.573196
39.142504,3.661314,24.468268,-10.485930
39.192471,0.500406,8.779552,-6.328849
39.243376,1.665676,7.106244,0.198875
39.292685,-2.321112,-1.818910,-1.900166
39.343566,0.030826,9.338917,2.322309
39.393012,-4.341292,24.966729,-2.412544
39.443360,0.837402,17.887270,-4.819850
39.492723,-0.785476,8.165716,-1.349031
39.542781,1.652806,-7.411516,0.018855
39.593134,-6.089271,-4.914873,3.375945
39.643453,4.008785,13.520540,-2.900380
39.692545,-12.993198,14.910723,8.897321
39.743347,1.446449,1.109303,-4.356854
39.792858,-2.365556,31.173469,-7.078710
39.843289,1.464406,9.882869,-9.195858
39.892482,-0.812711,5.232116,3.569134
39.943305,-3.808413,-0.569541,-1.387789
39.992445,-1.056928,8.547455,3.742570
40.043753,-4.365234,19.928400,-2.798173
40.095667,0.744324,19.450590,-3.971225
40.143439,-0.996472,11.715397,-4.763584
40.199501,3.304715,-5.930350,-2.763157
40.242379,-1.409337,-5.691221,7.417352
40.292481,-3.649941,7.876606,-8.410981
40.343337,-7.107441,35.725308,5.446704
40.392915,3.227200,7.693593,-5.555644
40.443310,0.277288,22.429981,-13.304305
40.492362,-0.432468,4.730214,-3.585295
40.542934,3.968531,6.033454,-0.048784
40.594521,-2.960686,-0.051028,0.944546
40.643306,2.205887,13.525478,3.700820
40.695749,-7.391913,21.355994,-3.525588
40.743291,3.312796,14.677728,-5.139786
40.792251,-1.168262,4.480459,-3.174974
40.843782,0.266215,-7.288210,0.991534
40.892637,-5.153553,-1.640835,-0.078263
40.943293,-10.032063,33.038918,2.833639
40.992635,-1.633951,2.054149,-0.739984
41.042795,-6.056349,19.683584,-2.039783
41.092457,2.276817,13.069516,-5.329234
41.143027,-2.346850,7.865981,0.667707
41.193109,0.149643,-1.544614,-3.031168
41.243259,0.837252,0.197828,2.633566
41.292303,3.034310,26.244979,5.570908
41.342705,-5.405851,19.252463,-4.622620
41.392343,4.628307,15.585612,-4.493628
41.443288,1.084612,-2.334729,-0.608748
41.492462,-5.313821,-4.842296,4.965153
41.542798,-2.148125,4.210504,-4.287570
41.592624,5.846849,30.872088,3.638119
41.643271,4.871327,6.531017,-3.217623
41.692317,-1.147312,26.514486,-8.286029
41.743320,0.780388,5.621188,-2.324254
41.792463,1.675253,3.689447,0.282227
41.843330,-2.680704,-0.326970,0.613237
41.892251,1.125764,12.758558,2.836332
41.943338,-10.279124,27.584283,-1.811428
41.992688,0.698833,15.186814,-6.192973
42.042858,0.217282,9.381416,-3.326862
42.092487,0.449677,-6.600451,0.411967
42.143283,-2.067317,-1.233507,1.173500
42.192256,-1.281393,6.322265,6.756379
42.243343,8.326582,6.333787,-0.281778
42.292548,1.187117,6.769398,-0.467185
42.343327,11.998072,20.118447,-15.031335
42.392613,-2.496344,3.067381,0.830818
42.442741,-1.826691,2.601992,-0.935867
42.492951,-1.657745,0.852815,1.941318
42.542860,6.957649,22.316702,4.748769
42.592712,-5.946212,20.964827,-4.971438
42.643280,3.154024,16.053097,-5.679099
42.692298,-2.100688,1.652058,-0.287913
42.743291,1.590555,-4.556628,3.076509
42.792794,-4.212898,2.198105,-1.581726
42.843378,-16.854884,28.160558,3.744216
42.892405,-2.033648,2.310637,-5.327588
42.942802,-9.785751,18.065196,-5.268479
42.993730,4.367928,16.657205,-7.305419
43.042864,-2.823463,2.725148,2.532707
43.092606,-3.444481,-0.716790,-0.059109
43.143360,0.963252,4.553485,3.454807
43.192602,4.397108,25.603459,2.972956
43.243370,-2.017037,20.245942,-5.167620
43.292585,2.522232,13.668836,-7.523449
43.343443,0.816901,-0.957715,-1.987258
43.392989,-3.807066,-4.723779,8.063211
43.443438,-1.366988,5.491447,-7.146049
43.493051,-0.605455,39.821933,2.957394
43.543030,4.668261,2.372589,-3.858094
43.592988,1.779853,26.686874,-8.289770
43.643335,-1.114391,7.817198,-4.486595
43.692320,-0.497114,7.768863,0.772906
43.743314,-2.000427,-1.475928,1.026551
43.792342,5.688078,16.654811,4.158129
43.844266,-16.220847,26.798957,-1.337658
43.892521,3.952818,19.674905,-7.073173
43.943309,-2.652870,9.261252,-4.889583
43.993145,0.673094,-6.443625,-0.145303
44.042885,-1.859014,-3.893261,8.590702
44.092969,-1.991448,7.898604,-2.413591
44.143346,10.926928,8.539824,-0.203814
44.192339,5.203684,3.959552,1.563769
44.243396,3.780729,20.855139,-17.277775
44.292667,-0.433366,2.723951,-1.053486
44.342742,1.984714,5.936934,-0.868528
44.394161,-2.310936,-0.467933,-0.019753
44.443288,3.855551,18.545250,3.180062
44.492673,-7.390865,23.531503,-4.272306
44.542871,6.163643,18.099464,-7.830366
44.593399,-1.164222,6.538499,-1.341848
44.643345,1.172004,-6.018490,2.451002
44.692478,-5.312923,-3.935610,0.646906
44.744057,-4.294902,23.561432,4.790071
44.792720,0.472872,1.825794,-2.971460
44.843596,-4.102611,24.176314,-6.958696
44.892490,2.138248,14.157719,-7.957413
44.943359,-1.034482,5.241992,0.596926
44.992767,-2.575804,3.101649,-0.478708
45.042865,-0.445637,1.381653,1.459019
45.093003,5.795821,21.123898,7.230149
45.143350,-8.307279,20.667636,-2.848753
45.192323,7.202614,16.567868,-5.351082
45.243380,0.029031,-0.584505,-2.528966
45.292540,-0.397751,-6.017293,5.129910
45.343352,-5.891443,1.238894,-1.919769
45.392464,2.643892,31.202051,4.624566
45.443347,4.616934,4.581020,-0.418701
45.492800,-0.184061,23.713319,-13.253876
45.543002,-3.093569,11.187307,-4.145858
45.592798,0.535422,4.882700,1.715656
45.643452,-0.965796,-0.946791,-3.209841
45.692469,2.139894,3.313993,3.009170
45.743412,2.307494,27.529364,5.239149
45.792626,-6.141197,19.848042,-5.027105
45.843366,0.418252,12.370833,-5.672814
45.892896,1.167514,-4.847683,-1.595343
45.943350,-2.373936,-4.181024,6.766405
45.992454,-5.452989,7.796547,-3.084440
46.043249,10.551923,3.371605,3.850014
46.092783,1.728526,5.913590,-3.878895
46.143437,6.611674,18.251352,-10.473659
46.192382,-2.917289,11.395909,-0.644961
46.243438,-1.070097,6.409207,-0.477810
46.292362,0.990337,-0.956967,0.369917
46.343077,2.102483,11.657934,3.585894
46.392559,-9.228181,24.749148,-1.594146
46.443357,4.643421,17.659663,-5.245285
46.492519,-3.224207,6.263455,-3.171533
46.543822,2.780965,-5.690323,1.725234
46.592615,-3.242314,-3.117960,1.279298
46.643365,-1.407841,15.745730,2.154260
46.692341,-0.531232,4.043951,-3.131279
46.743634,-0.436808,5.181387,0.069434
46.792691,4.139423,17.753938,-6.998202
46.843364,0.414511,7.406129,-0.432318
46.892516,-2.245392,2.948864,1.578583
46.943365,-1.273761,0.319188,2.410898
46.992838,4.323634,22.626313,6.071314
47.042717,-8.097329,22.157631,-3.317135
47.092938,5.918528,15.706075,-4.788574
47.143325,4.965602,-2.258711,-2.910106
47.192460,-4.620675,-9.042474,6.938046
47.244243,-6.144040,4.364935,-6.276025
47.292884,-9.096196,21.735488,6.818182
47.343424,-1.103766,6.102140,-4.059065
47.392767,-0.298388,19.457623,-1.802000
47.443361,-1.332720,12.117188,-5.427550
47.492703,0.674141,6.292486,2.330539
47.542884,-2.574607,0.147997,-0.398948
47.593115,1.587263,8.962415,4.565157
47.643382,-4.429282,25.975771,-0.231498
47.692626,-0.144854,17.929170,-5.783101
47.742982,-1.623177,10.990975,-4.017913
47.792881,1.168562,-5.608618,-1.313416
47.843386,-1.329428,-0.293749,3.693188
47.892764,3.368014,9.227583,0.336697
47.943376,6.076701,10.020840,-4.820299
47.992787,4.222176,5.680746,0.569691
48.043039,8.518574,25.226658,-15.466047
48.092385,-1.687075,3.819786,-0.256488
48.143385,0.139767,2.258561,-0.827525
48.192286,-2.310786,0.191543,1.385245
48.243443,2.556051,16.675462,-0.002245
48.292954,-7.708707,24.639010,-3.972422
48.343375,3.322971,17.543840,-6.414744
48.392563,-1.642780,2.810594,-3.364722
48.443344,1.091945,-4.948692,1.630360
48.492803,-5.112851,3.151181,-2.626383
48.542941,-10.562398,21.217275,9.085422
48.592776,0.638975,6.747400,-3.377441
48.642934,-1.065009,20.209430,-6.070416
48.692368,-0.446684,12.174801,-4.926096
48.743103,-0.610094,5.970903,1.382252
48.792708,0.611441,-0.599769,-2.044572
48.843370,1.473085,2.334580,2.066419
48.893291,4.042455,31.529769,3.395847
48.944135,-6.183097,20.447212,-4.247615
48.992594,1.163025,13.411749,-6.685897
49.042806,4.014172,-4.579074,-0.858502
49.092746,-3.613129,-2.988370,4.986402
49.143497,-6.285602,6.166935,-3.848817
49.193099,5.374726,4.937319,-0.846381
49.243442,1.273461,6.416540,-6.288894
49.292996,8.407390,25.421493,-15.772516
49.343371,-1.252661,8.228267,-1.305335
49.392529,1.463059,8.481014,2.689832
49.443649,-1.675253,-0.370965,0.392513
49.493017,3.650091,17.351998,4.872225
49.543027,-9.162937,24.405567,-3.491320
49.592358,3.655628,17.457945,-4.632946
49.643313,3.152079,-1.043161,0.509684
49.692334,-4.767175,-8.811126,8.265977
49.743444,-5.199344,0.726517,-5.886654
49.792917,-14.418547,40.285527,-3.839539
49.843495,4.095279,3.558210,-6.253728
49.894706,3.068129,31.887864,-14.825576
49.943325,-2.343109,2.494997,-2.077343
49.992870,0.265467,7.493969,2.373187
50.042894,-5.378018,-0.191094,1.021912
50.092803,4.791717,10.408415,3.554469
50.143286,-11.002049,21.529280,-5.107763
50.192433,5.850740,17.161502,-4.754905
50.243367,-0.422741,-3.877099,-0.911774
50.292363,-1.627367,-7.965793,3.873657
50.343399,-6.490912,1.996985,-0.570289
50.392661,1.102719,14.317688,11.233247
50.443505,-0.996472,7.582109,-3.424429
50.492701,1.702039,6.611674,6.104385
50.542697,0.363333,8.377611,1.666274
50.592650,-1.116785,11.775254,-2.483025
50.643441,1.581876,-5.266235,1.480118
50.692742,3.798387,5.612508,3.344221
50.743746,1.142524,33.604568,3.454358
50.792535,-1.741395,22.012178,-5.053442
50.842443,0.891124,5.082323,-1.824447
50.892546,0.517765,-7.628049,2.418978
50.943308,-3.859741,-2.976398,9.302554
50.992540,-0.260528,13.800970,-1.537282
51.042833,3.321774,2.975351,-8.007843
51.092585,3.872759,8.443454,-3.898348
51.143304,7.917608,15.697695,-5.631663
51.192683,3.682414,11.526398,0.891722
51.243566,-2.426909,-0.305122,-1.284834
51.292723,0.244517,3.707254,-0.019753
51.343331,4.817605,23.589415,5.059428
51.392567,-7.828122,24.696024,-3.156119
51.442802,-0.764526,12.206375,-4.611696
51.492955,1.127709,-6.501986,0.795951
51.543009,-4.401598,-2.865962,5.610114
51.592528,-2.176557,14.510278,-5.940077
51.643277,-2.758817,24.200257,-2.730236
51.692250,5.580485,6.639209,-5.195453
51.743292,3.047479,35.783519,-17.593821
51.792545,-6.504530,-0.261726,-2.524626
51.843284,-1.058125,5.208472,0.221920
51.892865,-1.408739,1.779404,0.913121
51.943369,5.467355,17.213129,3.470370
51.993072,-11.003396,20.530264,-5.204582
52.042840,6.170377,17.992619,-5.695261
52.092591,-1.411283,-0.505494,-0.969986
52.143395,-3.441638,-7.814205,7.722773
52.192391,-4.753707,5.923616,-5.768137
52.243551,-1.515434,29.297545,1.986061
52.293089,3.706207,1.681538,-5.700947
52.343617,1.243982,38.363364,-12.626722
52.392596,0.275343,6.962587,-3.420688
52.443369,1.763243,9.223692,0.638676
52.493180,-1.632305,-1.638740,-0.882444
52.542838,3.026828,12.379662,0.427231
52.593482,-11.205114,26.814220,-2.216661
52.643336,5.334621,18.147649,-7.062399
52.692378,-2.324703,-0.660823,0.715293
52.743349,-1.101372,-7.518511,4.472229
52.792732,-6.053356,4.289066,-4.584012
52.843260,-1.211509,13.078794,11.832268
52.892320,-2.859228,7.896359,-4.263328
52.943320,-3.141305,23.004760,-9.405508
52.992709,5.737161,12.104319,-7.028729
53.042894,-0.507290,8.498971,-0.437406
53.092703,-0.575976,-0.353457,1.363696
53.143572,-2.456389,2.304950,0.687609
53.192342,5.740004,26.314263,0.630446
53.243337,-3.507182,18.000849,-5.501174
53.292714,1.042113,9.322157,-4.259138
53.343371,0.051776,-6.718370,0.795502
53.392930,-4.415365,-0.453119,10.681514
53.443509,-0.088140,10.952667,-4.347577
53.492590,-3.035956,21.800284,-3.302620
53.542981,5.578240,5.233912,-2.347299
53.592672,10.473809,21.572228,-16.457582
53.643542,-0.256189,7.662018,-0.541707
53.692665,1.371927,2.094552,-1.783295
53.743439,1.217196,0.682372,-0.960109
53.792316,3.172580,8.684079,2.270233
53.843362,-7.675037,34.191767,-1.711466
53.892810,-1.005601,12.249173,-5.765593
53.943390,-0.579118,-3.292743,0.872867
53.992812,-6.386312,-6.498095,4.523557
54.042959,-7.271749,9.305696,-2.138697
54.092684,-3.576915,10.532170,13.018936
54.143365,-2.001624,5.510602,-3.818140
54.192430,7.875409,38.275673,-10.471564
54.243358,-1.964812,1.060071,-4.250159
54.292788,-0.818098,11.534628,1.079824
54.343636,-4.702530,-0.279683,-0.408226
54.392415,2.557099,7.894563,3.746910
54.443384,-3.037901,29.586506,-0.934819
54.492595,-0.050130,20.898386,-5.803303
54.542851,-2.140193,1.903907,-1.903159
54.593001,-3.077258,-6.224698,-0.061503
54.645239,-0.044594,-2.152015,3.502393
54.692551,-4.284427,17.321770,11.405785
54.743316,4.495274,7.469577,5.776068
54.793346,-0.464342,5.145772,-0.818547
54.843282,6.688591,10.063339,-5.313372
54.892591,2.108020,12.549506,2.191072
54.943331,-2.233122,0.187054,-0.014665
54.992817,-0.687609,1.595643,-0.368421
55.042910,2.076146,22.747823,0.784578
55.092582,-4.636986,20.199404,-5.006903
55.144059,2.857432,14.850416,-6.067273
55.192854,-3.042241,-5.471994,2.008358
55.243361,-5.628371,-2.969066,6.909164
55.292345,-3.946683,9.563531,-5.314120
55.342642,-3.625699,25.011771,0.081705
55.392537,5.717408,7.177923,-6.434946
55.443377,1.131301,27.597751,-11.852320
55.492773,0.029180,6.245648,-2.781413
55.543185,1.147761,8.656844,-0.158023
55.592561,-3.503291,1.389884,-0.368870
55.642646,2.442622,14.144251,3.801529
55.692332,-7.562506,23.691920,-3.913911
55.743419,2.228483,19.526010,-6.183845
55.792960,1.062315,2.500983,-2.985227
55.843378,1.147911,-8.556584,-0.707362
55.892380,-3.186048,-2.840522,4.497070
55.943188,1.774017,16.806100,-3.597716
55.992806,7.925988,13.813840,-9.811190
56.043139,3.206399,5.059278,-2.920881
56.092974,8.983964,23.235509,-16.908157
56.143412,-0.036513,1.226923,-0.213840
56.192327,2.555752,5.067359,-1.256402
56.243456,1.476677,0.489781,-0.311706
56.292592,3.689596,10.725658,3.547436
56.343702,-10.989479,25.808320,-1.888344
56.392729,3.020992,18.666312,-7.140512
56.443499,-3.039099,6.427763,-0.147847
56.492547,2.711829,-5.501623,1.244730
56.542858,-4.193594,-4.001602,-0.650498
56.592728,2.110265,10.627941,8.871133
56.643717,-3.204753,-1.958228,-3.676428
56.693135,-2.064773,7.127793,6.455896
56.743417,6.233227,15.057971,-10.029968
56.792262,0.903394,3.476505,-0.969836
56.842525,0.657830,6.180553,-0.868378
56.892775,-2.615160,0.381889,3.564645
56.943471,3.105989,22.913777,7.344027
56.993018,-2.982983,20.728691,-3.290499
57.042873,3.589036,12.146069,-4.220230
57.092462,0.840694,-1.966608,1.577237
57.143384,-3.911816,-9.117595,8.172301
57.193626,-3.613728,1.700094,-7.197676
57.243370,3.627794,36.849875,-9.203490
57.293005,7.194683,2.525524,0.243619
57.343276,6.727348,28.907576,-16.276813
57.392723,1.026850,6.415492,-4.934177
57.443492,0.482299,8.739597,0.893368
57.492767,-3.533369,-1.300098,-0.509385
57.542946,2.803112,5.110456,2.820470
57.592885,-5.836673,24.736129,-0.242122
57.643189,-0.907136,18.003693,-6.993264
57.692564,-2.582688,10.381479,-3.427871
57.743361,3.392106,-5.552053,1.472337
57.792974,-2.019282,-2.054747,1.798858
57.843572,-7.808968,14.736688,4.231753
57.892875,2.722903,3.375646,1.235452
57.943507,-8.860509,17.282114,0.669203
57.992382,5.130658,15.194745,-9.403712
58.042985,1.516182,0.831416,-0.756445
58.092703,-1.586814,3.588887,-0.847727
58.143551,-0.817350,-0.705566,-0.695840
58.192671,4.165461,15.513335,1.009940
58.243392,-10.420237,23.960230,-3.710846
58.292329,4.538970,15.008140,-5.771878
58.343391,2.084826,-1.582175,1.388387
58.392682,-4.965752,-5.294517,6.093311
58.442596,-9.075994,0.613686,-5.306638
58.493044,-14.274141,49.517450,-6.540744
58.543397,4.400999,1.467099,-5.866752
58.592584,-1.448843,26.150255,-12.261294
58.643302,-0.055368,6.997903,-3.831159
58.692425,-0.746868,8.017570,-2.404463
58.743365,1.906900,0.530484,-1.718799
58.792778,6.329747,7.565947,5.555045
58.843433,-11.399650,19.212508,3.648145
58.892917,-2.471653,18.346824,-3.209093
58.943438,-3.526037,11.621271,-4.900358
58.992716,2.366154,-4.468338,2.173564
59.043114,-1.500619,-3.855401,2.283551
59.092922,-3.217174,0.582560,-3.099704
59.143477,4.773161,35.473758,0.804331
59.192377,4.299840,4.031531,-4.818054
59.242779,0.889178,26.966258,-14.972525
59.292605,3.410363,4.352515,-1.690067
59.343517,1.327782,5.223586,-1.147312
59.393385,-4.576381,3.551925,0.533776
59.443406,1.894180,16.185531,3.103445
59.494462,-13.715824,22.397808,-2.206635
59.542780,4.953032,16.601239,-5.951749
59.592345,0.859549,0.903694,-1.914981
59.643363,0.723224,-5.680746,3.303817
59.693307,-4.502756,0.052525,-0.461050
59.743366,-14.238975,29.128299,5.037580
59.792826,2.956795,5.048504,-0.310359
59.843647,-5.365747,16.152160,-4.491683
59.892734,6.558401,11.919959,-6.929965
59.943370,-1.408589,8.331820,1.000513
59.992708,-0.386677,0.480204,-0.905938
60.042992,-0.048484,3.922591,2.256017
60.092278,5.736263,23.818219,6.644296
60.143366,-7.959808,20.275871,-3.330753
60.192206,3.087882,14.786968,-6.445122
60.243503,1.983517,-6.293533,0.073924
60.292932,-4.522808,-3.204753,6.889262
60.343284,-1.478622,9.274870,-4.396809
60.392814,5.280900,15.944157,-0.130189
60.442785,1.599533,3.926332,-0.951280
60.492707,11.872073,29.491632,-15.053482
60.542910,0.815704,6.558401,-5.671168
60.592649,3.816793,8.123068,2.527469
60.643370,-3.609388,0.585553,-0.017209
60.692261,2.533455,17.195471,3.534566
60.743325,-10.145642,21.281621,-2.674419
60.792534,4.909935,18.735896,-5.477381
60.843363,-1.566313,3.722368,-4.928341
60.892680,-1.797511,-6.128477,-0.508337
60.943620,-4.251955,-0.673393,1.197593
60.992614,-7.813756,23.888850,12.539181
61.042888,2.561738,2.833639,1.010389
61.092718,1.014878,7.629695,1.963166
61.143451,7.115372,16.212466,-7.356597
61.192788,-6.386761,5.863460,0.618025
61.243494,2.771836,0.332357,-2.546474
61.292331,0.297041,0.288063,0.259631
61.343653,1.091795,24.761867,4.352215
61.392658,-5.134848,21.448324,-3.435353
61.443539,4.301786,14.715588,-4.899310
61.492951,-0.009577,-1.170357,2.673970
61.542907,-1.792423,-4.428234,3.174675
61.592716,-6.159902,-0.555475,-0.961606
61.642960,13.313733,20.852745,-3.695582
61.692340,6.947174,6.735728,-3.843130
61.743964,3.646050,23.657802,-15.015622
61.792976,-0.519560,7.892768,-4.011778
61.843486,2.303304,6.968872,0.871221
61.892576,-2.581191,-1.149557,0.419000
61.943317,2.039334,18.398451,2.846658
61.992654,-9.796675,24.770996,-4.195689
62.042876,7.987342,19.934236,-5.350484
62.093684,-0.674441,4.169352,-1.958976
62.143334,-1.514087,-8.440610,3.548334
62.192259,-4.629205,-2.790392,-0.900851
62.243320,0.488285,12.125119,6.718519
62.292861,0.497862,6.522786,-1.536085
62.343378,-8.189360,16.385603,-3.858394
62.392604,2.784706,14.046235,-5.773225
62.443250,2.324254,5.341355,2.711530
62.492494,-6.073259,0.830818,-1.717901
62.542824,0.064945,3.403928,2.180597
62.592338,8.258196,21.593477,3.164499
62.643341,-2.014793,19.616395,-5.758859
62.692509,-0.851019,9.374083,-5.009298
62.743399,3.197870,-6.338576,-0.357647
62.792407,-6.521739,-0.621018,8.639785
62.842847,-1.580230,9.016736,-7.896808
62.892429,0.455064,35.805816,5.345845
62.944059,1.259694,5.199494,-1.977382
62.994635,8.613448,20.401571,-14.587344
63.043329,-0.491128,6.718819,-1.625422
63.092525,0.904741,5.963271,0.609496
63.143298,-1.228120,-0.233742,-0.694044
63.192241,3.204903,17.228991,2.551562
63.243286,-11.240879,24.211032,-2.567125
63.292705,5.273118,17.234229,-4.974880
63.343250,-2.858031,4.414168,-3.243511
63.392701,0.415858,-7.493221,0.321283
63.443309,2.814485,-0.599470,4.323484
63.492522,-13.591321,22.466345,1.502266
63.542985,4.718990,5.774123,5.174354
63.593714,-3.688100,15.554337,-0.972679
63.643526,2.423318,11.080162,-3.864828
63.692354,1.364893,7.240175,-0.535273
63.743593,-2.395335,-0.167151,-0.971033
63.792937,2.085274,2.540638,2.171469
63.843427,0.175382,28.062542,4.351916
63.892427,-6.693828,24.148331,-2.456389
63.943333,1.553144,14.295091,-5.789536
63.992502,1.282590,-6.347405,-1.050045
64.042869,-4.827781,-3.404377,5.215655
64.092595,-3.121702,8.322392,-3.367864
64.143383,3.158813,18.280831,0.084997
64.192617,3.992773,3.457051,-3.306660
64.244095,8.633500,32.471173,-15.434473
64.292778,-1.965859,2.499037,0.275942
64.343485,-2.225640,10.491617,1.208217
64.392541,-3.854204,2.247188,0.476313
64.443377,7.961903,15.652054,5.261296
64.492905,-17.789703,22.342440,-3.702466
64.543124,8.062912,18.838401,-5.131107
64.592395,0.118966,1.296806,-4.343536
64.643357,-3.203706,-8.974088,3.976312
64.692348,-3.871712,1.172153,-2.685941
64.743581,-10.714734,26.272064,7.104449
64.793093,1.975137,4.764033,-4.061609
64.842583,-6.858136,23.350285,-0.998118
64.892454,5.803602,13.863222,-5.923915
64.942479,2.461327,5.145922,0.646458
64.992922,-3.548483,-0.873316,-0.031425
65.042858,-1.433729,1.948052,1.586814
65.092443,4.253601,27.393039,4.047842
65.143035,-0.387126,23.195405,-5.750778
65.192359,-0.451473,9.852342,-5.443711
65.243266,2.373187,-3.770553,-1.538030
65.292858,-2.642395,-0.797298,5.760805
65.343347,-2.360169,11.375109,-2.308542
65.392899,2.301808,5.016181,2.574906
65.443699,-0.469879,5.575995,1.262388
65.492461,12.860165,20.973806,-14.449373
65.542898,1.121125,2.036641,-1.103916
65.592650,-4.338598,7.395354,3.386719
65.643427,-3.589336,1.713561,-0.093976
65.692532,7.230598,17.727452,5.435481
65.743476,-13.651178,24.071714,-2.039933
65.792966,3.897750,15.243229,-7.098313
65.843407,0.087840,2.230727,-2.770190
65.892648,1.074885,-10.108082,3.582303
65.943503,-3.890866,-1.724186,1.084462
65.992629,-14.229398,35.293439,6.120696
66.043024,4.868484,3.315788,-4.733057
66.092584,-8.177388,29.201624,-5.412885
66.143329,2.443969,10.356489,-1.149707
66.192202,2.496942,6.573815,1.889392
66.243364,-4.599426,0.842340,-1.625122
66.293163,5.757363,8.046900,3.861686
66.343696,-9.069709,23.328886,0.329663
66.394425,-4.704475,20.555703,-4.845888
66.442946,2.708837,13.003224,-4.613043
66.492733,1.849288,-3.081896,-1.235303
66.542886,-0.197678,-7.519558,7.884837
66.592695,-5.688377,4.558723,-8.440910
66.643418,9.818972,18.257786,-11.031379
66.692273,10.780428,5.398220,-2.111312
66.743400,-1.784193,19.531996,-16.587621
66.792786,-0.488884,2.252575,-1.315511
66.843419,-3.665803,6.698018,-3.105091
66.893087,-0.383236,0.570439,-1.056928
66.943706,1.260143,5.711273,2.759715
66.992446,-3.259223,39.449023,5.634207
67.042618,9.204388,17.152374,-3.098956
67.092729,0.556971,7.326968,-6.349350
67.143363,5.346144,-5.094444,-4.178480
67.192276,-12.376669,-22.292160,4.978920
67.243431,0.826478,16.303000,-4.548397
67.292630,-12.286434,35.773493,6.244899
67.343319,3.110179,4.249860,-5.097587
67.392658,-6.642052,20.263002,-1.606118
67.443524,3.157765,10.221511,-3.149086
67.492894,-1.909893,4.840650,-2.972358
67.542916,-2.219953,1.780751,1.964363
67.592310,0.892919,2.411346,0.522104
67.643120,-2.445764,26.893681,5.679249
67.692333,-5.974944,20.033300,-1.832378
67.743429,3.964491,14.008824,-2.385309
67.792803,-2.064923,10.648293,-1.917076
67.843426,-1.046303,4.991041,-3.171832
67.893000,-2.285497,3.709499,-5.143078
67.943364,-1.469943,3.398691,0.342383
67.992714,-3.305613,11.499462,-3.530975
68.043064,-4.926096,11.285024,-0.376502
68.093095,1.532793,10.083391,-1.456624
68.143336,-0.631044,7.896209,-1.274359
68.192334,-2.368698,8.490142,-1.041216
68.243350,-2.089016,12.542773,-2.240005
68.292988,-1.071892,9.239255,-2.399525
68.343359,-0.962952,9.925817,-2.528816
68.392529,0.532130,12.454184,-2.258860
68.443816,-1.137586,9.960085,-1.196695
68.492734,-1.879216,9.214115,-2.285497
68.542827,-0.266364,10.156865,-1.540424
68.592601,-0.493522,12.379662,-2.570716
68.643957,0.219227,10.301720,-0.404784
68.693042,-0.470777,9.446361,-1.344542
68.743416,-0.835906,9.854138,-1.784342
68.792335,-0.882893,9.797722,-0.505943
68.843001,-1.044208,7.832461,-1.994142
68.892704,-0.864936,9.558743,-0.704369
68.943466,0.115075,10.434752,-0.672346
68.993130,-1.153897,9.063275,-0.541857
69.043259,-0.358545,9.630272,-0.202168
69.092392,-0.497413,9.844112,0.017508
69.143394,-1.230065,9.366451,-0.178973
69.192328,-0.855060,9.575802,0.137522
69.243587,-0.376801,9.628177,-0.138869
69.292842,-0.209500,9.967268,-0.816452